1	139.2	13.8	63.4	47.3	6.8
2	138.6	13.8	63.4	47.3	6.8
3	137.4	13.4	63.6	47.5	6.8
4	136	13.2	63.9	47.6	6.8
5	136.2	13.2	63.9	47.6	6.8
6	138	13.6	63.5	47.4	6.8
7	136.6	13.3	63.7	47.5	6.8
8	137.8	13.5	63.6	47.4	6.8
9	138	13.6	63.5	47.4	6.8
10	135.8	13.2	63.8	47.6	6.8
11	137.4	13.5	63.6	47.5	6.8
12	136.6	13.4	63.7	47.5	6.8
13	136.6	13.4	63.6	47.5	6.8
14	137.6	13.6	63.5	47.4	6.8
15	136	13.2	63.9	47.6	6.8
26	138.6	13.7	63.5	47.4	6.8
27	137.2	13.4	63.6	47.5	6.8
28	137.8	13.6	63.5	47.4	6.8
29	137.2	13.4	63.6	47.5	6.8
30	136.6	13.3	63.8	47.6	6.8
31	136	13.2	63.8	47.6	6.8
32	136.2	13.2	63.8	47.6	6.8
33	136.4	13.3	63.7	47.5	6.8
34	137.8	13.6	63.5	47.4	6.8
35	137.4	13.4	63.6	47.5	6.8
36	137	13.2	63.8	47.6	6.8
37	137	13.5	63.6	47.5	6.8
38	137.4	13.4	63.7	47.5	6.8
39	137	13.3	63.8	47.6	6.8
40	136.6	13.4	63.7	47.5	6.8
41	138	13.6	63.5	47.4	6.8
42	137.6	13.5	63.6	47.5	6.8
43	135.8	13.2	63.8	47.6	6.8
45	137.2	13.5	63.6	47.4	6.8
46	138.4	13.7	63.4	47.3	6.8
47	137	13.4	63.7	47.5	6.8
48	137.4	13.5	63.6	47.5	6.8
49	138.6	13.7	63.4	47.3	6.8
50	137.4	13.4	63.6	47.5	6.8
51	137	13.5	63.6	47.5	6.8
52	140.6	14	63.2	47.2	6.8
53	138.6	13.7	63.5	47.3	6.8
54	138.6	13.8	63.4	47.3	6.8
55	138.8	13.9	63.3	47.3	6.8
56	138	13.5	63.6	47.4	6.8
57	137.4	13.5	63.6	47.5	6.8
58	139.6	14	63.2	47.2	6.8
59	137.2	13.5	63.6	47.4	6.8
60	138.6	13.7	63.4	47.3	6.8
61	138.2	13.7	63.4	47.3	6.8
62	138.8	13.9	63.3	47.2	6.8
63	140	14	63.2	47.2	6.8
64	139.2	13.8	63.3	47.3	6.8
65	140.2	14.1	63.1	47.1	6.8
66	138.4	13.7	63.4	47.3	6.8
67	138.8	13.9	63.3	47.2	6.8
68	137	13.5	63.6	47.4	6.8
69	137.6	13.5	63.6	47.4	6.8
70	137.6	13.5	63.6	47.4	6.8
71	138	13.6	63.5	47.4	6.8
72	138.4	13.8	63.4	47.3	6.8
73	138.2	13.6	63.6	47.4	6.8
74	137.6	13.6	63.5	47.4	6.8
75	138.4	13.7	63.4	47.3	6.8
76	138	13.7	63.4	47.3	6.8
77	138	13.8	63.4	47.3	6.8
78	138.4	13.7	63.4	47.3	6.8
79	137.6	13.7	63.5	47.4	6.8
80	138.2	13.6	63.5	47.4	6.8
81	138.8	13.9	63.3	47.3	6.8
82	139.4	13.9	63.3	47.2	6.8
83	138.8	13.9	63.3	47.2	6.8
84	138.4	13.8	63.4	47.3	6.8
85	140.4	14.1	63.1	47.1	6.8
86	138	13.6	63.5	47.4	6.8
87	138.8	13.9	63.3	47.2	6.8
88	139.4	13.9	63.3	47.2	6.8
89	138.6	13.7	63.4	47.3	6.8
90	138.2	13.8	63.4	47.3	6.8
91	140.2	14.1	63.1	47.1	6.8
92	140.4	14.1	63.1	47.1	6.8
93	138.4	13.8	63.4	47.3	6.8
94	138.6	13.8	63.4	47.3	6.8
95	137.8	13.7	63.4	47.3	6.8
96	137.4	13.5	63.6	47.4	6.8
97	138.6	13.8	63.4	47.3	6.8
98	137.8	13.7	63.4	47.3	6.8
99	138.4	13.8	63.4	47.3	6.8
100	139.2	13.9	63.3	47.2	6.8
101	138.6	13.8	63.4	47.3	6.8
102	139.6	14.1	63.2	47.1	6.8
103	138.2	13.8	63.4	47.3	6.8
104	139.2	14	63.2	47.2	6.8
105	138	13.6	63.5	47.4	6.8
106	137	13.5	63.6	47.4	6.8
107	138.2	13.7	63.4	47.3	6.8
108	139.2	13.9	63.4	47.2	6.8
109	138.2	13.8	63.4	47.3	6.8
110	138.6	13.8	63.4	47.3	6.8
111	138.6	13.8	63.3	47.3	6.8
112	137.8	13.6	63.5	47.4	6.8
113	137.4	13.5	63.6	47.4	6.8
114	137.8	13.7	63.5	47.4	6.8
115	137.4	13.5	63.6	47.4	6.8
116	137.8	13.7	63.5	47.4	6.8
117	137.4	13.5	63.6	47.4	6.8
118	138.4	13.8	63.3	47.3	6.8
119	137.2	13.6	63.5	47.4	6.8
120	138.6	13.8	63.4	47.3	6.8
121	138.6	13.8	63.4	47.3	6.8
122	137.6	13.7	63.4	47.2	6.8
123	138.4	13.9	63.3	47.2	6.8
124	138.8	13.9	63.3	47.2	6.8
125	140	14	63.2	47.2	6.8
126	140.4	14.2	63	47	6.8
127	141	14.3	62.9	47	6.8
128	139.8	14	63.2	47.2	6.8
129	141.6	14.5	62.9	46.9	6.8
130	140.4	14.2	63	47.1	6.8
131	139.8	14.1	63.1	47.1	6.8
132	138	13.7	63.5	47.3	6.8
133	138	13.7	63.5	47.4	6.8
134	139.2	13.8	63.4	47.3	6.8
135	137.4	13.4	63.7	47.5	6.8
136	139.4	13.9	63.3	47.2	6.8
137	138.8	14	63.2	47.2	6.8
138	139.6	14.1	63.1	47.1	6.8
139	138.6	13.7	63.4	47.3	6.8
140	138.6	13.7	63.4	47.3	6.8
141	140.6	14.3	63	47	6.8
142	140.4	14.2	63	47.1	6.8
143	139.6	14.1	63.1	47.1	6.8
144	141.6	14.5	62.8	46.9	6.8
145	141.4	14.4	62.9	47	6.8
146	140.8	14.4	62.9	47	6.8
147	140	14.1	63.2	47.1	6.8
148	140	14.1	63.2	47.1	6.8
149	140	14.2	63.1	47.1	6.8
150	140	14.1	63.1	47.1	6.8
151	140.4	14.2	63.1	47.1	6.8
152	141.4	14.4	62.9	46.9	6.8
153	142.2	14.6	62.7	46.8	6.8
154	140.6	14.4	62.9	47	6.8
155	141.6	14.5	62.8	46.9	6.8
156	141.6	14.5	62.8	46.9	6.8
157	141	14.3	63	47	6.8
158	142.4	14.6	62.7	46.8	6.8
159	140.6	14.4	62.9	47	6.8
160	142.6	14.8	62.6	46.7	6.8
161	142	14.5	62.9	46.9	7
162	141	14.4	62.9	47	6.8
163	141.4	14.4	62.9	47	6.8
164	140.6	14.4	62.9	47	6.8
165	141	14.4	62.9	47	6.8
166	140.8	14.4	62.9	46.9	6.8
167	140.8	14.5	62.9	46.9	6.8
168	140.8	14.3	62.9	47	6.8
169	141.8	14.5	62.8	46.9	7
170	141.8	14.5	62.8	46.9	7
